## htsjdk.samtools.metrics.StringHeader
# MarkDuplicates INPUT=[/dfs6/pub/itamburi/ee283/week5/bamout/ADL09.RG.bam] OUTPUT=/dfs6/pub/itamburi/ee283/week5/bamout/ADL09.dedup.bam METRICS_FILE=/dfs6/pub/itamburi/ee283/week5/bamout/ADL09_mrkdup_metrics.txt REMOVE_DUPLICATES=true    MAX_SEQUENCES_FOR_DISK_READ_ENDS_MAP=50000 MAX_FILE_HANDLES_FOR_READ_ENDS_MAP=8000 SORTING_COLLECTION_SIZE_RATIO=0.25 TAG_DUPLICATE_SET_MEMBERS=false REMOVE_SEQUENCING_DUPLICATES=false TAGGING_POLICY=DontTag CLEAR_DT=true DUPLEX_UMI=false ADD_PG_TAG_TO_READS=true ASSUME_SORTED=false DUPLICATE_SCORING_STRATEGY=SUM_OF_BASE_QUALITIES PROGRAM_RECORD_ID=MarkDuplicates PROGRAM_GROUP_NAME=MarkDuplicates READ_NAME_REGEX=<optimized capture of last three ':' separated fields as numeric values> OPTICAL_DUPLICATE_PIXEL_DISTANCE=100 MAX_OPTICAL_DUPLICATE_SET_SIZE=300000 VERBOSITY=INFO QUIET=false VALIDATION_STRINGENCY=STRICT COMPRESSION_LEVEL=5 MAX_RECORDS_IN_RAM=500000 CREATE_INDEX=false CREATE_MD5_FILE=false GA4GH_CLIENT_SECRETS=client_secrets.json USE_JDK_DEFLATER=false USE_JDK_INFLATER=false
## htsjdk.samtools.metrics.StringHeader
# Started on: Thu Feb 06 14:16:07 PST 2025

## METRICS CLASS	picard.sam.DuplicationMetrics
LIBRARY	UNPAIRED_READS_EXAMINED	READ_PAIRS_EXAMINED	SECONDARY_OR_SUPPLEMENTARY_RDS	UNMAPPED_READS	UNPAIRED_READ_DUPLICATES	READ_PAIR_DUPLICATES	READ_PAIR_OPTICAL_DUPLICATES	PERCENT_DUPLICATION	ESTIMATED_LIBRARY_SIZE
Lib1	1657088	83059466	20921	2495080	1059515	23091678	284684	0.281583	121121797

## HISTOGRAM	java.lang.Double
BIN	CoverageMult	all_sets	optical_sets	non_optical_sets
1.0	1.002394	43225844	0	43358609
2.0	1.507311	12512302	277211	12471934
3.0	1.761644	3238501	2329	3184576
4.0	1.889755	756330	68	730364
5.0	1.954285	167637	37	158836
6.0	1.98679	38352	21	35705
7.0	2.003163	10125	23	9362
8.0	2.01141	3604	23	3424
9.0	2.015565	1847	6	1787
10.0	2.017657	1164	17	1154
11.0	2.018711	806	14	796
12.0	2.019242	562	15	553
13.0	2.01951	459	17	459
14.0	2.019644	367	10	359
15.0	2.019712	303	9	296
16.0	2.019746	242	4	242
17.0	2.019763	219	5	216
18.0	2.019772	170	4	171
19.0	2.019777	143	3	141
20.0	2.019779	142	8	146
21.0	2.01978	137	4	132
22.0	2.01978	100	4	105
23.0	2.019781	82	4	80
24.0	2.019781	91	3	93
25.0	2.019781	96	0	92
26.0	2.019781	80	4	78
27.0	2.019781	75	2	75
28.0	2.019781	91	2	89
29.0	2.019781	115	3	114
30.0	2.019781	83	0	87
31.0	2.019781	84	1	86
32.0	2.019781	103	0	97
33.0	2.019781	96	0	96
34.0	2.019781	96	0	100
35.0	2.019781	92	0	92
36.0	2.019781	110	0	113
37.0	2.019781	99	0	99
38.0	2.019781	109	0	106
39.0	2.019781	113	1	114
40.0	2.019781	85	0	84
41.0	2.019781	91	0	92
42.0	2.019781	104	0	102
43.0	2.019781	75	0	77
44.0	2.019781	88	0	87
45.0	2.019781	89	0	87
46.0	2.019781	90	0	90
47.0	2.019781	87	0	88
48.0	2.019781	75	0	77
49.0	2.019781	80	0	78
50.0	2.019781	71	0	67
51.0	2.019781	74	0	77
52.0	2.019781	69	0	69
53.0	2.019781	66	0	65
54.0	2.019781	55	0	58
55.0	2.019781	73	0	71
56.0	2.019781	50	0	49
57.0	2.019781	63	0	70
58.0	2.019781	77	0	73
59.0	2.019781	68	0	63
60.0	2.019781	55	0	56
61.0	2.019781	59	0	59
62.0	2.019781	54	0	58
63.0	2.019781	57	0	58
64.0	2.019781	49	0	48
65.0	2.019781	58	0	56
66.0	2.019781	56	0	57
67.0	2.019781	63	0	65
68.0	2.019781	61	0	58
69.0	2.019781	69	0	66
70.0	2.019781	52	0	52
71.0	2.019781	56	0	58
72.0	2.019781	41	0	43
73.0	2.019781	61	0	61
74.0	2.019781	47	0	44
75.0	2.019781	59	0	59
76.0	2.019781	49	0	48
77.0	2.019781	60	0	60
78.0	2.019781	53	0	53
79.0	2.019781	47	0	50
80.0	2.019781	57	0	57
81.0	2.019781	61	0	61
82.0	2.019781	68	0	67
83.0	2.019781	53	0	54
84.0	2.019781	68	0	69
85.0	2.019781	85	0	82
86.0	2.019781	73	0	75
87.0	2.019781	80	0	78
88.0	2.019781	75	0	78
89.0	2.019781	65	0	66
90.0	2.019781	83	0	82
91.0	2.019781	80	0	78
92.0	2.019781	80	0	81
93.0	2.019781	89	0	90
94.0	2.019781	83	0	82
95.0	2.019781	82	0	80
96.0	2.019781	70	0	70
97.0	2.019781	96	0	97
98.0	2.019781	72	0	72
99.0	2.019781	98	0	98
100.0	2.019781	76	0	76
101.0	0	92	0	92
102.0	0	96	0	97
103.0	0	80	0	78
104.0	0	69	0	68
105.0	0	60	0	61
106.0	0	78	0	78
107.0	0	83	0	81
108.0	0	79	0	81
109.0	0	70	0	70
110.0	0	70	0	71
111.0	0	67	0	68
112.0	0	76	0	77
113.0	0	73	0	72
114.0	0	61	0	60
115.0	0	67	0	65
116.0	0	62	0	63
117.0	0	55	0	56
118.0	0	56	0	55
119.0	0	51	0	50
120.0	0	51	0	51
121.0	0	39	0	39
122.0	0	32	0	34
123.0	0	48	0	49
124.0	0	38	0	37
125.0	0	37	0	36
126.0	0	31	0	31
127.0	0	43	0	44
128.0	0	37	0	40
129.0	0	31	0	28
130.0	0	36	0	35
131.0	0	26	0	27
132.0	0	38	0	38
133.0	0	23	0	23
134.0	0	28	0	27
135.0	0	22	0	22
136.0	0	17	0	16
137.0	0	16	0	17
138.0	0	17	0	18
139.0	0	24	0	24
140.0	0	12	0	12
141.0	0	10	0	8
142.0	0	22	0	24
143.0	0	16	0	14
144.0	0	9	0	13
145.0	0	10	0	10
146.0	0	11	0	10
147.0	0	13	0	11
148.0	0	4	0	5
149.0	0	8	0	9
150.0	0	7	0	8
151.0	0	9	0	10
152.0	0	9	0	7
153.0	0	8	0	7
154.0	0	9	0	10
155.0	0	3	0	4
156.0	0	4	0	3
157.0	0	2	0	2
158.0	0	1	0	0
159.0	0	2	0	3
160.0	0	4	0	4
161.0	0	2	0	2
162.0	0	2	0	2
163.0	0	6	0	3
164.0	0	3	0	3
165.0	0	2	0	3
166.0	0	3	0	3
167.0	0	4	0	5
168.0	0	2	0	2
169.0	0	6	0	6
170.0	0	2	0	2
171.0	0	3	0	4
172.0	0	1	0	0
173.0	0	2	0	3
174.0	0	1	0	1
175.0	0	2	0	0
176.0	0	3	0	2
177.0	0	2	0	3
178.0	0	1	0	2
179.0	0	6	0	8
180.0	0	2	0	1
181.0	0	3	0	1
182.0	0	2	0	2
183.0	0	1	0	0
184.0	0	1	0	1
185.0	0	2	0	4
186.0	0	4	0	3
187.0	0	2	0	2
188.0	0	0	0	1
189.0	0	2	0	3
190.0	0	2	0	4
191.0	0	2	0	1
192.0	0	3	0	2
193.0	0	3	0	3
194.0	0	2	0	1
196.0	0	0	0	1
197.0	0	2	0	0
198.0	0	1	0	0
199.0	0	1	0	1
200.0	0	0	0	2
201.0	0	0	0	3
202.0	0	0	0	3
203.0	0	2	0	0
204.0	0	2	0	1
205.0	0	2	0	1
206.0	0	1	0	0
209.0	0	2	0	0
210.0	0	0	0	1
211.0	0	2	0	1
212.0	0	2	0	1
213.0	0	1	0	1
214.0	0	1	0	1
215.0	0	0	0	1
217.0	0	1	0	1
218.0	0	3	0	4
220.0	0	1	0	0
222.0	0	1	0	1
223.0	0	3	0	3
224.0	0	1	0	1
226.0	0	3	0	3
227.0	0	1	0	0
228.0	0	3	0	3
229.0	0	2	0	1
230.0	0	2	0	4
231.0	0	1	0	1
232.0	0	1	0	2
233.0	0	3	0	2
234.0	0	1	0	1
235.0	0	0	0	1
236.0	0	1	0	2
237.0	0	2	0	2
238.0	0	0	0	1
239.0	0	1	0	1
240.0	0	1	0	2
241.0	0	1	0	1
242.0	0	3	0	2
243.0	0	2	0	2
244.0	0	2	0	3
245.0	0	5	0	4
246.0	0	1	0	2
247.0	0	3	0	0
249.0	0	2	0	2
250.0	0	0	0	1
251.0	0	1	0	1
252.0	0	3	0	3
253.0	0	3	0	4
254.0	0	4	0	3
255.0	0	2	0	3
256.0	0	2	0	2
257.0	0	3	0	2
258.0	0	1	0	1
259.0	0	3	0	1
260.0	0	1	0	1
261.0	0	3	0	3
262.0	0	1	0	3
263.0	0	2	0	3
264.0	0	2	0	3
265.0	0	1	0	1
266.0	0	1	0	1
268.0	0	0	0	1
269.0	0	3	0	2
270.0	0	1	0	0
271.0	0	2	0	0
272.0	0	1	0	0
273.0	0	2	0	1
275.0	0	1	0	1
277.0	0	0	0	1
278.0	0	1	0	1
279.0	0	1	0	2
280.0	0	1	0	0
282.0	0	1	0	0
284.0	0	0	0	1
285.0	0	1	0	0
286.0	0	3	0	3
287.0	0	0	0	1
288.0	0	2	0	0
290.0	0	0	0	1
291.0	0	1	0	1
292.0	0	0	0	1
294.0	0	0	0	1
296.0	0	1	0	1
297.0	0	0	0	1
299.0	0	2	0	1
300.0	0	0	0	1
301.0	0	1	0	0
303.0	0	1	0	0
304.0	0	1	0	0
307.0	0	0	0	1
310.0	0	0	0	1
312.0	0	1	0	1
313.0	0	1	0	0
315.0	0	1	0	0
317.0	0	1	0	0
318.0	0	0	0	1
319.0	0	0	0	1
320.0	0	0	0	1
321.0	0	1	0	2
324.0	0	2	0	3
325.0	0	1	0	0
326.0	0	2	0	0
328.0	0	2	0	1
329.0	0	0	0	2
330.0	0	1	0	0
333.0	0	0	0	1
334.0	0	1	0	0
336.0	0	1	0	0
338.0	0	1	0	2
341.0	0	0	0	1
342.0	0	1	0	0
343.0	0	1	0	0
344.0	0	0	0	1
347.0	0	1	0	0
348.0	0	1	0	2
352.0	0	0	0	1
355.0	0	1	0	1
356.0	0	0	0	1
357.0	0	1	0	0
360.0	0	3	0	2
361.0	0	1	0	0
362.0	0	1	0	1
367.0	0	1	0	3
371.0	0	3	0	0
372.0	0	0	0	2
374.0	0	0	0	2
376.0	0	1	0	2
377.0	0	2	0	1
380.0	0	2	0	0
381.0	0	1	0	0
382.0	0	0	0	2
383.0	0	1	0	1
384.0	0	0	0	1
387.0	0	1	0	0
388.0	0	2	0	0
389.0	0	1	0	0
394.0	0	0	0	1
398.0	0	2	0	1
404.0	0	1	0	1
408.0	0	1	0	1
415.0	0	2	0	2
416.0	0	1	0	2
417.0	0	2	0	1
418.0	0	2	0	2
423.0	0	1	0	1
427.0	0	0	0	1
428.0	0	2	0	1
429.0	0	2	0	2
430.0	0	1	0	1
433.0	0	2	0	2
434.0	0	1	0	2
436.0	0	1	0	1
439.0	0	1	0	1
441.0	0	0	0	1
442.0	0	1	0	0
443.0	0	1	0	1
448.0	0	1	0	1
449.0	0	1	0	1
450.0	0	1	0	1
451.0	0	1	0	0
452.0	0	0	0	1
454.0	0	0	0	1
456.0	0	0	0	1
458.0	0	1	0	1
459.0	0	2	0	3
460.0	0	1	0	1
463.0	0	2	0	2
464.0	0	0	0	1
466.0	0	0	0	2
467.0	0	1	0	1
468.0	0	2	0	2
469.0	0	1	0	0
470.0	0	2	0	0
473.0	0	1	0	0
474.0	0	1	0	0
475.0	0	1	0	1
476.0	0	1	0	0
487.0	0	1	0	0
488.0	0	0	0	1
490.0	0	0	0	1
493.0	0	1	0	0
495.0	0	1	0	0
511.0	0	0	0	1
512.0	0	0	0	1
518.0	0	0	0	2
519.0	0	1	0	0
522.0	0	1	0	1
523.0	0	2	0	0
528.0	0	1	0	0
531.0	0	1	0	1
533.0	0	0	0	1
535.0	0	0	0	1
536.0	0	1	0	1
537.0	0	0	0	1
538.0	0	0	0	1
542.0	0	1	0	0
543.0	0	0	0	1
545.0	0	0	0	1
547.0	0	0	0	1
548.0	0	0	0	2
549.0	0	2	0	0
551.0	0	1	0	0
552.0	0	1	0	0
556.0	0	4	0	0
570.0	0	0	0	1
576.0	0	1	0	0
577.0	0	1	0	1
578.0	0	0	0	1
586.0	0	1	0	0
587.0	0	0	0	1
589.0	0	0	0	1
592.0	0	0	0	1
593.0	0	0	0	1
594.0	0	1	0	0
597.0	0	0	0	1
598.0	0	0	0	1
601.0	0	2	0	0
605.0	0	2	0	0
606.0	0	0	0	1
609.0	0	1	0	1
614.0	0	0	0	1
615.0	0	1	0	1
616.0	0	2	0	0
618.0	0	0	0	1
622.0	0	1	0	1
626.0	0	1	0	0
629.0	0	1	0	0
635.0	0	0	0	1
638.0	0	0	0	1
642.0	0	0	0	1
645.0	0	0	0	1
647.0	0	2	0	0
648.0	0	0	0	1
653.0	0	0	0	1
655.0	0	1	0	0
657.0	0	1	0	0
659.0	0	1	0	1
662.0	0	1	0	0
670.0	0	0	0	1
676.0	0	0	0	1
682.0	0	1	0	0
685.0	0	1	0	0
692.0	0	0	0	1
698.0	0	1	0	0
699.0	0	0	0	1
706.0	0	1	0	0
713.0	0	1	0	0
720.0	0	0	0	1
734.0	0	0	0	3
735.0	0	1	0	0
743.0	0	0	0	1
746.0	0	1	0	0
747.0	0	0	0	1
749.0	0	1	0	0
753.0	0	1	0	0
756.0	0	0	0	1
759.0	0	1	0	1
761.0	0	0	0	1
765.0	0	1	0	0
768.0	0	1	0	1
772.0	0	1	0	1
778.0	0	0	0	1
779.0	0	0	0	1
782.0	0	1	0	0
784.0	0	1	0	0
788.0	0	2	0	0
789.0	0	0	0	1
791.0	0	1	0	1
800.0	0	1	0	0
802.0	0	0	0	1
807.0	0	0	0	1
812.0	0	0	0	1
814.0	0	1	0	0
815.0	0	0	0	1
816.0	0	0	0	1
817.0	0	1	0	0
818.0	0	0	0	1
819.0	0	1	0	0
823.0	0	1	0	0
827.0	0	1	0	0
830.0	0	1	0	1
832.0	0	1	0	0
837.0	0	0	0	1
841.0	0	0	0	1
846.0	0	1	0	0
850.0	0	1	0	0
852.0	0	1	0	0
857.0	0	0	0	1
863.0	0	0	0	1
872.0	0	0	0	1
874.0	0	0	0	1
875.0	0	0	0	1
876.0	0	1	0	0
878.0	0	1	0	0
884.0	0	0	0	1
885.0	0	1	0	0
889.0	0	1	0	0
890.0	0	0	0	1
904.0	0	2	0	0
906.0	0	0	0	1
909.0	0	1	0	0
914.0	0	0	0	1
915.0	0	1	0	0
927.0	0	0	0	1
930.0	0	1	0	0
934.0	0	0	0	1
936.0	0	0	0	1
938.0	0	0	0	1
941.0	0	0	0	1
944.0	0	1	0	0
947.0	0	1	0	0
948.0	0	1	0	0
949.0	0	1	0	1
952.0	0	1	0	0
960.0	0	1	0	0
964.0	0	0	0	2
970.0	0	0	0	1
972.0	0	0	0	1
977.0	0	1	0	0
980.0	0	1	0	0
984.0	0	0	0	1
985.0	0	0	0	1
988.0	0	0	0	1
993.0	0	1	0	0
994.0	0	1	0	0
995.0	0	1	0	0
997.0	0	1	0	0
1000.0	0	1	0	0
1004.0	0	0	0	1
1014.0	0	1	0	0
1027.0	0	0	0	1
1035.0	0	0	0	2
1043.0	0	0	0	1
1044.0	0	1	0	0
1049.0	0	1	0	0
1052.0	0	1	0	0
1060.0	0	0	0	1
1062.0	0	1	0	0
1075.0	0	0	0	1
1078.0	0	0	0	1
1079.0	0	1	0	0
1080.0	0	0	0	1
1081.0	0	0	0	1
1082.0	0	0	0	1
1087.0	0	0	0	1
1092.0	0	1	0	0
1095.0	0	1	0	0
1096.0	0	0	0	2
1097.0	0	1	0	0
1099.0	0	0	0	1
1103.0	0	1	0	0
1104.0	0	0	0	1
1107.0	0	2	0	0
1111.0	0	1	0	0
1122.0	0	1	0	0
1123.0	0	1	0	0
1128.0	0	0	0	1
1132.0	0	1	0	0
1156.0	0	1	0	0
1169.0	0	0	0	1
1173.0	0	0	0	1
1181.0	0	1	0	0
1191.0	0	1	0	0
1194.0	0	0	0	1
1197.0	0	0	0	1
1210.0	0	1	0	0
1216.0	0	0	0	1
1222.0	0	1	0	0
1224.0	0	0	0	1
1229.0	0	1	0	0
1232.0	0	0	0	1
1234.0	0	0	0	1
1239.0	0	1	0	0
1243.0	0	0	0	1
1250.0	0	1	0	0
1253.0	0	1	0	0
1255.0	0	0	0	1
1264.0	0	0	0	1
1266.0	0	1	0	0
1276.0	0	1	0	0
1283.0	0	1	0	0
1371.0	0	0	0	1
1396.0	0	1	0	0
1413.0	0	0	0	1
1432.0	0	1	0	0
1435.0	0	0	0	1
1453.0	0	0	0	1
1473.0	0	1	0	0
1476.0	0	1	0	0
1517.0	0	0	0	1
1535.0	0	1	0	0
1635.0	0	0	0	1
1640.0	0	0	0	1
1641.0	0	1	0	0
1662.0	0	1	0	0
1936.0	0	0	0	1
1937.0	0	1	0	0
1983.0	0	0	0	1
1985.0	0	1	0	0
2574.0	0	0	0	1
2579.0	0	1	0	0
2672.0	0	0	0	1
2677.0	0	1	0	0
2979.0	0	0	0	1
2981.0	0	1	0	0
3467.0	0	0	0	1
3468.0	0	1	0	0
3982.0	0	0	0	1
3985.0	0	1	0	0
4692.0	0	0	0	1
4697.0	0	1	0	0
4917.0	0	0	0	1
4924.0	0	1	0	0

